17506 0.0 -0.193000 -11.148000 2.686000
16902 0.0 -1.682000 -11.157000 2.685000
17398 0.0 -3.397000 -11.165000 2.679000
8454 0.0 -4.895000 -11.166000 2.675000
17456 0.0 -6.596000 -11.151000 2.681000
17444 0.0 -8.077000 -11.165000 2.676000
17394 0.0 -9.796000 -11.168000 2.679000
17446 0.0 -11.282000 -11.170000 2.678000
17458 0.0 -13.009000 -11.154000 2.677000
17460 0.0 -14.485000 -11.171000 2.676000
17478 0.0 -0.197000 -8.338000 2.689000
17488 0.0 -1.684000 -8.338000 2.686000
17440 0.0 -3.400000 -8.350000 2.684000
17510 0.0 -4.888000 -8.347000 2.678000
24612 0.0 -6.594000 -8.348000 2.676000
17430 0.0 -8.088000 -8.349000 2.674000
17410 0.0 -9.786000 -8.360000 2.676000
17408 0.0 -11.288000 -8.357000 2.673000
17396 0.0 -12.993000 -8.360000 2.677000
17442 0.0 -14.489000 -8.361000 2.673000
17474 0.0 -0.197000 -6.464000 2.688000
17490 0.0 -1.692000 -6.466000 2.688000
17492 0.0 -3.406000 -6.469000 2.685000
24596 0.0 -4.893000 -6.471000 2.676000
17494 0.0 -6.605000 -6.470000 2.676000
17504 0.0 -8.092000 -6.475000 2.672000
17414 0.0 -9.812000 -6.474000 2.673000
8326 0.0 -11.296000 -6.476000 2.671000
17412 0.0 -13.000000 -6.477000 2.671000
17472 0.0 -14.499000 -6.488000 2.675000
17476 0.0 -0.204000 -3.424000 2.685000
17424 0.0 -1.693000 -3.431000 2.685000
17520 0.0 -3.408000 -3.432000 2.678000
17462 0.0 -4.895000 -3.432000 2.676000
17522 0.0 -6.612000 -3.433000 2.672000
17536 0.0 -8.095000 -3.437000 2.669000
17524 0.0 -9.806000 -3.442000 2.675000
24708 0.0 -11.299000 -3.445000 2.671000
17538 0.0 -12.969000 -3.435000 2.671000
